<?xml version="1.0" encoding="UTF-8" standalone="no"?>
<!-- Created with Inkscape (http://www.inkscape.org/) -->

<svg
   version="1.1"
   id="svg1"
   width="1536"
   height="1024"
   viewBox="0 0 1536 1024"
   sodipodi:docname="LogoFile"
   inkscape:version="1.4.4 (1:1.4.4+202605061432+dcaf3e7d9e)"
   inkscape:export-filename="/media/omar/Graduation Project/GP/Ourlogovv.png"
   inkscape:export-xdpi="100"
   inkscape:export-ydpi="100"
   xmlns:inkscape="http://www.inkscape.org/namespaces/inkscape"
   xmlns:sodipodi="http://sodipodi.sourceforge.net/DTD/sodipodi-0.dtd"
   xmlns:xlink="http://www.w3.org/1999/xlink"
   xmlns="http://www.w3.org/2000/svg"
   xmlns:svg="http://www.w3.org/2000/svg">
  <defs
     id="defs1">
    <linearGradient
       id="linearGradient88"
       inkscape:collect="always">
      <stop
         style="stop-color:#012659;stop-opacity:1;"
         offset="0"
         id="stop88" />
      <stop
         style="stop-color:#002155;stop-opacity:1;"
         offset="1"
         id="stop89" />
    </linearGradient>
    <linearGradient
       id="linearGradient86"
       inkscape:collect="always">
      <stop
         style="stop-color:#0a8cab;stop-opacity:1;"
         offset="0"
         id="stop86" />
      <stop
         style="stop-color:#001e53;stop-opacity:1;"
         offset="0.58813179"
         id="stop87" />
    </linearGradient>
    <linearGradient
       id="linearGradient65"
       inkscape:collect="always">
      <stop
         style="stop-color:#0a8cab;stop-opacity:1;"
         offset="0"
         id="stop66" />
      <stop
         style="stop-color:#001e53;stop-opacity:1;"
         offset="0.92987669"
         id="stop65" />
    </linearGradient>
    <linearGradient
       id="linearGradient63"
       inkscape:collect="always">
      <stop
         style="stop-color:#0a8cab;stop-opacity:1;"
         offset="0"
         id="stop64" />
      <stop
         style="stop-color:#001e53;stop-opacity:1;"
         offset="1"
         id="stop63" />
    </linearGradient>
    <linearGradient
       id="swatch11"
       inkscape:swatch="solid">
      <stop
         style="stop-color:#000000;stop-opacity:1;"
         offset="0"
         id="stop11" />
    </linearGradient>
    <linearGradient
       inkscape:collect="always"
       xlink:href="#swatch11"
       id="linearGradient11"
       x1="1200.7694"
       y1="290.4069"
       x2="1257.5882"
       y2="290.4069"
       gradientUnits="userSpaceOnUse"
       gradientTransform="translate(-1161.6032,-55.227961)" />
    <linearGradient
       inkscape:collect="always"
       xlink:href="#swatch11"
       id="linearGradient12"
       x1="1200.7694"
       y1="352.2762"
       x2="1257.5882"
       y2="352.2762"
       gradientUnits="userSpaceOnUse"
       gradientTransform="translate(-1161.6032,-55.227961)" />
    <linearGradient
       inkscape:collect="always"
       xlink:href="#swatch11"
       id="linearGradient13"
       x1="1199.5067"
       y1="415.40812"
       x2="1256.3255"
       y2="415.40812"
       gradientUnits="userSpaceOnUse"
       gradientTransform="translate(-1356.4706,-241.46944)" />
    <linearGradient
       inkscape:collect="always"
       xlink:href="#swatch11"
       id="linearGradient14"
       x1="1199.5067"
       y1="477.27742"
       x2="1256.3255"
       y2="477.27742"
       gradientUnits="userSpaceOnUse"
       gradientTransform="translate(-1356.4706,-242.02189)" />
    <linearGradient
       inkscape:collect="always"
       xlink:href="#swatch11"
       id="linearGradient15"
       x1="1200.7694"
       y1="541.67198"
       x2="1257.5882"
       y2="541.67198"
       gradientUnits="userSpaceOnUse"
       gradientTransform="translate(-1357.1019,-244.10076)" />
    <linearGradient
       inkscape:collect="always"
       xlink:href="#swatch11"
       id="linearGradient16"
       x1="1200.7694"
       y1="603.5413"
       x2="1257.5882"
       y2="603.5413"
       gradientUnits="userSpaceOnUse"
       gradientTransform="translate(-1161.7563,-428.97129)" />
    <linearGradient
       inkscape:collect="always"
       xlink:href="#linearGradient63"
       id="linearGradient64"
       x1="529.38888"
       y1="300.02678"
       x2="695.41641"
       y2="300.02678"
       gradientUnits="userSpaceOnUse"
       gradientTransform="translate(364.27072,20.53487)" />
    <linearGradient
       inkscape:collect="always"
       xlink:href="#linearGradient65"
       id="linearGradient66"
       x1="394.93835"
       y1="229.6301"
       x2="394.93835"
       y2="660.66376"
       gradientUnits="userSpaceOnUse"
       gradientTransform="translate(364.27072,20.53487)" />
    <linearGradient
       inkscape:collect="always"
       xlink:href="#linearGradient86"
       id="linearGradient87"
       x1="419.23553"
       y1="443.37823"
       x2="419.23553"
       y2="875.2088"
       gradientUnits="userSpaceOnUse"
       gradientTransform="translate(364.27072,20.53487)" />
    <linearGradient
       inkscape:collect="always"
       xlink:href="#linearGradient88"
       id="linearGradient89"
       x1="430.55981"
       y1="775.85394"
       x2="1164.4504"
       y2="775.85394"
       gradientUnits="userSpaceOnUse"
       gradientTransform="translate(-14.070764,-11.571286)" />
  </defs>
  <sodipodi:namedview
     id="namedview1"
     pagecolor="#ffffff"
     bordercolor="#000000"
     borderopacity="0.25"
     inkscape:showpageshadow="2"
     inkscape:pageopacity="0.0"
     inkscape:pagecheckerboard="0"
     inkscape:deskcolor="#d1d1d1"
     showgrid="false"
     inkscape:zoom="0.56002305"
     inkscape:cx="-114.28101"
     inkscape:cy="447.30302"
     inkscape:window-width="1920"
     inkscape:window-height="1016"
     inkscape:window-x="0"
     inkscape:window-y="0"
     inkscape:window-maximized="1"
     inkscape:current-layer="g1"
     showguides="true"
     inkscape:export-bgcolor="#f0f4f801" />
  <rect
     style="fill:#f0f4f8;fill-opacity:1;stroke-width:1.00593"
     id="rect63"
     width="1537.4366"
     height="1024.9578"
     x="0"
     y="0"
     sodipodi:insensitive="true" />
  <g
     inkscape:groupmode="layer"
     inkscape:label="Image"
     id="g1">
    <path
       d="m 761.72674,177.8555 c -11.7167,0 -20.56263,5.21105 -25.54883,15.05078 -8.3754,16.52816 0.92843,36.53583 19.04883,40.9668 12.4163,3.03614 26.87858,-3.98378 32.55468,-15.80078 5.0174,-10.44566 2.1972,-25.18652 -6.2871,-32.85157 -6.1062,-5.51654 -11.06738,-7.36523 -19.76758,-7.36523 z"
       style="fill:#0a8cab;fill-opacity:1"
       id="path68"
       inkscape:export-filename="/media/omar/Graduation Project/GP/OfficialDocuments/LogoWithProjectTitle.png"
       inkscape:export-xdpi="100"
       inkscape:export-ydpi="100" />
    <path
       style="fill:url(#linearGradient64);fill-opacity:1"
       d="m 913.5987,436.12774 c -3.8364,-2.38093 -5.8728,-6.48593 -5.8728,-11.83823 0,-0.67847 -0.5331,-4.136 2.9422,-7.96241 2.8481,-3.13598 8.4252,-4.51246 11.2283,-4.3097 l 6.1658,0.446 6.63,-7.07598 c 18.3753,-19.61154 17.1884,-18.03893 15.9913,-21.1875 -2.2876,-6.01677 1.989,-13.82778 8.2571,-15.08141 1.9918,-0.39837 2.9856,-1.32661 3.4095,-3.18465 1.8727,-8.20986 7.1586,-26.54142 6.9698,-27.10994 -0.48,-1.44517 -0.9677,-0.83453 -2.6896,-2.61111 -4.2743,-4.40996 -5.0541,-10.69138 -1.834,-14.77254 3.1619,-4.00743 7.8305,-5.80442 11.9847,-4.61302 3.2131,0.9215 3.4619,0.76025 10.4724,-6.78594 12.2504,-13.18655 12.3908,-13.39431 11.6152,-17.18654 -0.7602,-3.7168 -2.4246,-4.50919 -19.838,-9.44437 l -8.1952,-2.32265 -2.6197,2.7344 -2.6198,2.7344 1.6322,5.61431 c 1.7589,6.05041 1.4444,7.64059 -1.5109,7.64059 -1.5134,0 -2.1267,-1.19961 -3.0734,-6.01178 -1.1285,-5.73595 -1.3793,-6.09872 -5.466,-7.90646 -6.0381,-2.67096 -7.3899,-7.6738 -7.1763,-12.46281 0.077,-1.72341 1.3298,-4.05989 1.3298,-4.05989 l -18.5714,-19.02509 -17.7901,-17.76956 -3.5569,1.17387 c -6.9521,2.2944 -15.5214,-2.44581 -17.3109,-9.57575 -2.5334,-10.09397 6.2081,-19.78872 16.1596,-17.9218 3.8259,0.71774 9.048,4.67229 9.9586,7.54138 1.0634,3.35045 5.5736,2.9365 9.5057,-0.87245 1.925,-1.86469 6.425,-4.78969 10,-6.5 5.934,-2.8389 7.3707,-3.10966 16.5,-3.10966 8.6823,0 10.7307,0.34275 15.5456,2.60111 6.7502,3.16608 11.8541,7.5223 15.8089,13.49287 l 2.9769,4.49432 7.3836,0.29066 c 17.4248,0.68593 33.066,14.60036 34.5273,30.71542 0.5036,5.55357 0.6369,5.77285 4.5941,7.55733 5.8636,2.6441 13.8261,10.89305 17.2285,17.84829 2.6815,5.48155 2.9351,6.91047 2.9351,16.53689 0,9.78856 -0.2218,10.98447 -3.1235,16.83886 l -3.1236,6.30195 3.3085,5.49434 c 3.8286,6.35804 5.4551,12.87409 5.3984,21.62718 -0.069,10.6907 -6.8255,22.98098 -15.8931,28.91082 -4.9761,3.25424 -5.031,3.34685 -5.0487,8.52944 -0.029,8.50592 -4.1032,17.19816 -11.0944,23.67079 -3.2316,2.99184 -6.7864,5.72879 -7.8996,6.08211 -1.1132,0.35332 -2.024,1.34646 -2.024,2.20697 0,2.64125 -4.0355,8.26767 -7.0469,9.82489 -1.5696,0.81167 -4.9077,1.47576 -7.4181,1.47576 -8.1501,0 -14.2085,-8.19626 -12.1426,-16.42737 1.0242,-4.08062 6.3693,-9.4373 10.1188,-10.14071 4.2682,-0.80073 9.5342,0.92308 12.5161,4.0971 1.2767,1.35904 2.7029,2.47098 3.1694,2.47098 1.9229,0 9.549,-8.20074 11.7799,-12.66751 1.3187,-2.64057 2.5873,-7.0872 2.819,-9.8814 l 0.4213,-5.08035 -5.8584,0.73024 c -10.9337,1.36287 -14.3585,1.12681 -14.3585,-0.98969 0,-2.06037 1.6306,-2.52522 13,-3.70598 5.2732,-0.54765 7.6923,-1.45176 12.8172,-4.79019 10.0114,-6.52158 14.472,-14.82912 14.6133,-27.21594 0.058,-5.09215 -0.5138,-7.2415 -3.4584,-13 l -3.528,-6.89918 -13.5785,0.34518 c -11.6129,0.29522 -13.6656,0.11845 -14.1796,-1.22106 -1.1118,-2.89727 1.8835,-4.3989 8.9871,-4.50547 3.7125,-0.0557 9.2987,-0.60267 12.4137,-1.2155 4.9895,-0.98164 5.9064,-1.54799 7.7039,-4.7587 6.5874,-11.76659 4.5668,-28.72026 -4.504,-37.79108 -2.9674,-2.96737 -11.1697,-8.00749 -11.6736,-7.17313 -0.1062,0.17587 -2.7405,3.53091 -5.854,7.45565 -5.4629,6.88629 -5.6255,7.26405 -4.6491,10.80039 1.2942,4.68726 -0.281,9.76645 -3.9155,12.62534 -2.095,1.64797 -3.7665,2.02333 -7.8625,1.76564 l -5.2018,-0.32726 -9.6198,10.38619 c -6.0623,6.54519 -9.4131,10.92491 -9.0609,11.8429 1.398,3.64305 1.5878,6.0425 0.6692,8.45859 -0.9272,2.43876 -0.3728,3.20407 8.4674,11.68871 l 9.4596,9.07908 4.4063,-0.60394 c 6.2022,-0.85011 9.3052,0.20213 11.5753,3.92531 3.3349,5.46959 2.3369,12.11848 -2.3943,15.95092 -3.3716,2.7311 -11.1303,2.36583 -14.1629,-0.66678 l -2.439,-2.43901 -13.4276,4.68831 -13.4276,4.68831 -0.5993,3.7476 c -0.3297,2.06208 -1.9067,5.21071 -3.5063,7.0007 -2.604,2.91404 -3.4726,3.25311 -8.3336,3.25311 -3.1699,0 -4.3897,-1.8666 -5.3716,-1.05228 -0.9246,0.76674 -7.9087,8.90255 -13.3982,15.08959 l -9.981,11.24915 1.138,4.92979 c 0.9696,4.20055 0.8809,5.4714 -0.5995,8.59101 -3.2536,6.85657 -12.4908,9.83253 -18.6516,6.00903 z m 68.1949,-66.69255 c 16.5487,-5.92353 16.551,-5.92495 17.3113,-10.26036 0.6756,-3.85209 0.6491,-3.89025 -9.0626,-13.06001 -6.0239,-5.68781 -9.9967,-8.53721 -10.7782,-8.34582 -0.7171,0.17559 -2.1029,1.00643 -3.4041,1.19663 -2.1702,0.3172 -2.6753,1.60565 -6.1042,15.57071 l -3.7381,15.22488 2.1041,1.47266 c 2.895,2.02619 3.0391,2.00723 13.6718,-1.79869 z m 24.4014,-90.20533 c 1.4517,-0.36436 4.141,-0.41881 5.9762,-0.121 3.1852,0.51689 3.5689,0.22033 8.4457,-6.52803 4.696,-6.49802 5.1089,-7.52222 5.1082,-12.66945 -6e-4,-4.1076 -0.7666,-7.19887 -2.8744,-11.59993 -3.4583,-7.22086 -6.8209,-10.53643 -14.1248,-13.92716 -4.5751,-2.12391 -6.9801,-2.55495 -14.301,-2.56307 l -8.801,-0.01 -1.4906,-3.5675 c -1.9439,-4.65224 -8.8757,-12.12287 -13.3624,-14.40104 -6.0282,-3.06086 -14.3945,-4.33669 -20.2306,-3.08508 -6.9342,1.48713 -14.33,5.66973 -18.369,10.38848 -3.1819,3.71733 -3.4877,3.84604 -6.5781,2.76872 -3.6785,-1.28234 -4.8553,-0.55754 -5.1571,3.17652 -0.1716,2.12341 2.872,5.81712 16.5904,20.13413 l 16.8006,17.53364 4.2809,-0.58676 c 7.0406,-0.9648 13.6179,4.0719 13.6179,10.42841 0,1.54788 2.0296,2.47214 11.25,5.12312 6.1875,1.77899 12.375,3.58301 13.75,4.00895 1.9459,0.60279 2.9798,0.263 4.6648,-1.53302 1.1906,-1.2691 3.3525,-2.60557 4.8043,-2.96993 z"
       id="path60-2"
       sodipodi:nodetypes="sssscssssssssssscccssssscccssssssssscsssssscscssssssssssssscsssssscssssssssssscsssscsssscccssssscssssssssscssssssssccssssssscssssss" />
    <path
       d="m 740.62322,322.93948 c -0.69212,0.0145 -1.35969,0.36045 -2.40039,1.04297 -2.0409,1.33842 -3.28684,5.23796 -9.08594,28.43946 -3.6964,14.78914 -8.1273,32.87517 -9.8457,40.1914 l -3.125,13.30274 -4.50391,-5.80274 c -2.4772,-3.19123 -5.02129,-6.13303 -5.65429,-6.53711 -0.633,-0.40408 -14.84057,-0.742 -31.57227,-0.75 -33.35476,-0.0168 -34.07812,0.10918 -34.07812,5.93946 0,4.98831 0.3547,5.04492 31.57812,5.04492 h 29.17774 l 7.08007,9.41992 c 7.3075,9.72209 9.66234,11.45518 13.08204,9.625 2.263,-1.21114 2.71412,-2.63484 7.61132,-24.04492 6.5014,-28.42291 11.26245,-46.51587 11.84375,-45 0.5933,1.54719 4.61513,20.77418 7.11133,34 0.7786,4.125 4.13253,20.775 7.45313,37 3.3206,16.225 6.03882,29.80647 6.04882,30.17968 0.007,0.37322 0.71969,1.38572 1.58399,2.25 1.9769,1.97695 5.8046,2.02903 7.4043,0.10157 0.6705,-0.80794 6.12002,-16.22044 12.11132,-34.25 5.9914,-18.02955 11.15245,-33.45625 11.46875,-34.28125 0.3593,-0.93705 1.70891,1.1271 3.59571,5.5 4.8584,11.25975 1.94111,10.5 40.32031,10.5 18.2873,0 35.29126,-0.27927 37.78516,-0.6211 5.3789,-0.73661 7.3632,-3.50341 5.3789,-7.48437 l -1.19336,-2.39453 -35.5039,-0.26172 -35.50391,-0.26172 -4.9668,-12.60938 c -5.3761,-13.64642 -7.37581,-16.1124 -11.72461,-14.45898 -2.9732,1.13043 -2.58784,0.16565 -15.05664,37.69922 l -9.33593,28.10742 -7.21094,-35.60742 c -14.5591,-71.90408 -14.44398,-71.42111 -17.33008,-73.04102 -1.1346,-0.63685 -1.85084,-0.95203 -2.54297,-0.9375 z"
       style="fill:#0a8cab;fill-opacity:1"
       id="path67" />
    <path
       d="m 840.71307,235.08597 c -25.53494,0.96721 -52.14188,12.38998 -73.47657,31.88867 l -5.41601,4.95117 -8.29688,-7.20703 c -16.4737,-14.31154 -31.70937,-22.40105 -51.79687,-27.50195 -5.8347,-1.48162 -10.9417,-1.89483 -23,-1.86133 -13.7151,0.0382 -16.6515,0.3585 -25.5,2.7832 -39.21992,10.74723 -67.71834,41.74934 -75.05078,81.64844 -1.34721,7.33075 -1.60479,12.52206 -1.16602,23.46875 0.64988,16.21367 3.27907,27.87173 9.58398,42.49609 9.1939,21.32545 19.62561,35.71535 42.08204,58.0586 18.54448,18.45099 32.99615,30.61203 64.22265,54.03711 h 0.002 c 11.7036,8.7797 21.62723,15.96289 22.05273,15.96289 3.1297,0 -5.40104,-11.4261 -21.27734,-28.5 -51.51548,-55.40124 -65.05797,-72.33873 -75.95704,-95 -6.00203,-12.47936 -8.55802,-20.06088 -10.48437,-31.10742 -3.54176,-20.30995 0.004,-41.74551 9.61523,-58.13282 4.53227,-7.72801 17.86795,-20.88868 25.87696,-25.53711 13.36796,-7.75874 30.69831,-11.35533 46.72461,-9.69726 22.8921,2.36838 40.63501,12.09495 60.94531,33.41015 l 11.49414,12.06446 3.0332,-3.5 c 11.5069,-13.28004 15.72767,-17.62638 22.44727,-23.11719 22.5118,-18.39507 48.30294,-26.48875 71.77344,-22.52344 49.6802,8.39342 74.30141,52.57777 57.47461,103.14063 -4.0568,12.19008 -10.77857,25.21814 -20.54297,39.8164 -4.4823,6.70127 -7.68338,12.35406 -7.11328,12.5625 1.7399,0.63611 21.93098,-20.86886 27.58398,-29.3789 6.9963,-10.53244 14.47736,-26.05631 17.34766,-36 2.0199,-6.99785 4.20466,-18.00438 3.98046,-25.5 0,0 -0.49802,-6.14716 -2.23242,-16.38282 -0.704,-4.15469 -3.29297,-12.34179 -3.29297,-12.34179 -12.2987,-35.85745 -42.91224,-59.6466 -80.77734,-62.76758 -3.58565,-0.29554 -7.21153,-0.3706 -10.85937,-0.23242 z"
       style="fill:#0a8cab;fill-opacity:1"
       id="path66" />
    <path
       style="fill:#000000"
       d="m 711.7259,543.31145 c 0,-0.275 0.225,-0.5 0.5,-0.5 0.275,0 0.5,0.225 0.5,0.5 0,0.275 -0.225,0.5 -0.5,0.5 -0.275,0 -0.5,-0.225 -0.5,-0.5 z"
       id="path57-7" />
    <path
       style="fill:url(#linearGradient66)"
       d="m 738.2259,600.70295 c -9.57,-1.37906 -23.263,-5.65935 -30.9248,-9.66675 -9.9552,-5.20692 -32.093,-20.20889 -47.7742,-32.37488 -59.75853,-46.36241 -96.94121,-93.34484 -110.26664,-139.32809 -7.19681,-24.8347 -7.43974,-54.40257 -0.59681,-72.64098 2.39394,-6.38057 9.5228,-16.8808 11.46077,-16.8808 1.0475,0 1.04091,1.26138 -0.0352,6.75 -2.11066,10.76485 -1.79482,31.31719 0.66691,43.39713 6.88757,33.79785 31.00905,68.94538 70.97002,103.41074 20.01185,17.2597 56.44885,45.492 75.78905,58.72314 l 5.2892,3.61841 4.5424,-8.69971 c 9.7304,-18.63564 23.9869,-32.51368 43.3793,-42.22783 3.575,-1.7908 19.1021,-7.4149 34.5046,-12.49799 19.2381,-6.34892 32.8552,-11.53533 43.5,-16.56807 13.0903,-6.18893 16.3238,-7.33226 20.832,-7.36595 4.6859,-0.035 5.6439,0.31741 7.8572,2.89046 2.2134,2.57331 2.4693,3.63836 2.1002,8.7417 -0.3331,4.60522 -1.1337,6.8229 -3.8572,10.68496 -6.661,9.44574 -14.0057,14.66342 -35.6364,25.31628 -21.4512,10.56438 -26.3004,14.18954 -26.3004,19.66153 0,4.31885 1.6482,5.16867 9.95,5.13031 10.3047,-0.0476 20.6655,-2.04002 33.6338,-6.46783 25.6636,-8.7624 43.798,-21.11557 73.4162,-50.01114 20.4345,-19.93592 24.668,-23.49356 32.0409,-26.92551 10.6088,-4.93818 21.9591,-2.62199 21.9591,4.48108 0,4.49715 -21.0829,34.68055 -38.0388,54.45829 -10.0996,11.78042 -29.2831,30.32614 -39.9612,38.63271 -47.1706,36.69424 -117.9669,61.59972 -158.5,55.75879 z"
       id="path56-5" />
    <path
       style="fill:#001e53;fill-opacity:1"
       d="m 771.86134,848.37705 c -0.4495,-1.2375 -3.003,-10.49168 -5.6745,-20.56484 l -4.8572,-18.31485 -2.4338,4.81485 c -1.3387,2.64816 -2.8804,5.10123 -3.426,5.45127 -1.1743,0.75326 -145.60365,0.0711 -160.49165,-0.75805 -7.86106,-0.4378 -10.25,-0.89801 -10.25,-1.97461 0,-1.1331 2.84401,-1.43993 14.75,-1.5913 8.1125,-0.10314 15.875,-0.26752 17.25,-0.36529 1.375,-0.0978 32.53185,-0.23838 69.23745,-0.31247 l 66.7374,-0.13471 3.4877,-6.9256 c 1.9182,-3.80907 3.9082,-7.18553 4.4223,-7.50324 2.9704,-1.83579 4.7506,2.52703 11.2942,27.67884 0.6797,2.6125 1.5209,4.75 1.8693,4.75 0.3485,0 2.9858,-9.3375 5.8606,-20.75 2.8749,-11.4125 5.6162,-21.14725 6.0918,-21.63278 1.5627,-1.59521 3.7985,0.18665 4.4735,3.56521 0.3645,1.82466 1.7209,7.14257 3.0141,11.81757 1.2933,4.675 2.8752,10.48826 3.5154,12.91835 l 1.164,4.41835 2.198,-3.91835 2.198,-3.91835 78.9681,-0.041 c 98.9217,-0.0514 113.4681,0.1973 113.4681,1.93986 0,2.16031 -11.7765,2.60114 -69.4876,2.60114 -29.8022,0 -69.0448,0.29649 -87.2056,0.65887 l -33.0198,0.65887 -3.2112,5.84113 c -4.0208,7.31395 -6.4792,7.79518 -8.1284,1.59113 -0.6214,-2.3375 -2.3384,-8.59448 -3.8157,-13.9044 l -2.6859,-9.6544 -5.3458,21.6544 c -2.9403,11.90992 -5.7957,22.2169 -6.3454,22.9044 -1.4863,1.85894 -2.7051,1.5224 -3.6214,-1 z"
       id="path1-6" />
    <text
       xml:space="preserve"
       style="font-style:normal;font-variant:normal;font-weight:bold;font-stretch:normal;font-size:126.667px;font-family:'DejaVu Sans';-inkscape-font-specification:'DejaVu Sans Bold';writing-mode:lr-tb;direction:ltr;fill:url(#linearGradient87);stroke-width:1.22103"
       x="558.49915"
       y="727.05017"
       id="text63"><tspan
         sodipodi:role="line"
         id="tspan63"
         x="558.49915"
         y="727.05017"
         style="font-style:normal;font-variant:normal;font-weight:bold;font-stretch:normal;font-size:126.667px;font-family:'DejaVu Sans';-inkscape-font-specification:'DejaVu Sans Bold';fill:url(#linearGradient87);stroke-width:1.22103">Shifaa</tspan></text>
    <rect
       style="fill:#1a3a5c;fill-opacity:1;stroke:url(#linearGradient11)"
       id="rect3"
       width="56.818741"
       height="58.081383"
       x="39.166393"
       y="206.13824" />
    <rect
       style="fill:#0d7377;fill-opacity:1;stroke:url(#linearGradient12)"
       id="rect4"
       width="56.818741"
       height="58.081383"
       x="39.166393"
       y="268.00757" />
    <rect
       style="fill:#0dccc8;fill-opacity:1;stroke:url(#linearGradient13)"
       id="rect5"
       width="56.818741"
       height="58.081383"
       x="-156.96394"
       y="144.89803"
       transform="scale(-1,1)" />
    <rect
       style="fill:#001e53;fill-opacity:1;stroke:url(#linearGradient14)"
       id="rect6"
       width="56.818741"
       height="58.081383"
       x="-156.96394"
       y="206.21484"
       transform="scale(-1,1)" />
    <rect
       style="fill:#0a8cab;fill-opacity:1;stroke:url(#linearGradient15)"
       id="rect7"
       width="56.818741"
       height="58.081383"
       x="-156.3326"
       y="268.53052"
       transform="scale(-1,1)" />
    <rect
       style="fill:#f0f4f8;fill-opacity:1;stroke:url(#linearGradient16)"
       id="rect8"
       width="56.818741"
       height="58.081383"
       x="39.013195"
       y="145.52937" />
    <text
       xml:space="preserve"
       style="font-style:normal;font-variant:normal;font-weight:bold;font-stretch:normal;font-size:64px;font-family:'DejaVu Sans';-inkscape-font-specification:'DejaVu Sans Bold';writing-mode:lr-tb;direction:ltr;white-space:pre;inline-size:727.587;fill:#087a9d;fill-opacity:1"
       x="523.99506"
       y="954.55487"
       id="text87"
       transform="translate(-495.05309,-866.77542)"><tspan
         x="523.99506"
         y="954.55487"
         id="tspan1">font:DejaVu Sans</tspan></text>
    <text
       xml:space="preserve"
       style="font-style:normal;font-variant:normal;font-weight:bold;font-stretch:normal;font-size:64px;font-family:Gidugu;-inkscape-font-specification:'Gidugu Bold';writing-mode:lr-tb;direction:ltr;fill:url(#linearGradient89)"
       x="416.48904"
       y="777.57788"
       id="text88"><tspan
         sodipodi:role="line"
         id="tspan88"
         x="416.48904"
         y="777.57788"
         style="fill:url(#linearGradient89)">AI-based Patient Monitoring System</tspan></text>
    <text
       xml:space="preserve"
       style="font-style:normal;font-variant:normal;font-weight:bold;font-stretch:normal;font-size:64px;font-family:Gidugu;-inkscape-font-specification:'Gidugu Bold';writing-mode:lr-tb;direction:ltr;fill:#012659;fill-opacity:1"
       x="214.2769"
       y="153.56511"
       id="text90"><tspan
         sodipodi:role="line"
         id="tspan90"
         x="214.2769"
         y="153.56511">Gidugu</tspan></text>
  </g>
</svg>
